

2016-11-21 00:05                                                        Página 1


0      1      2	     3	    4	   5	  6	 7	8      9      10
145006 159676 96138  160692 96206  96946  97044	 97121	96449  96414  96960
45640  50283  44949  50399  44511  44567  44581	 44522	45090  44637  44540
13675  13978  13635  13982  13718  13651  13620	 13628	13651  13831  13645
23013  22930  22943  22856  22903  22951  22896	 22881	22856  22893  23001
1092   1094   1093   1093   1093   1088	  1084	 1117	1093   1090   1094











2016-11-21 00:05                                                        Página 1


0      1      2	     3	    4	   5	  6	 7	8      9      10
49540  60591  61650  59812  36973  44078  61911	 56732	62239  58294  59656
21209  23196  22825  23160  16036  19860  23020	 23065	23021  21814  21866
19419  21354  21079  21136  15543  18157  21121	 21092	21072  20442  20240
8808   9212   9267   9209   7112   8023	  9097	 9207	9395   9075   8549
706    775    774    766    584	   677	  811	 774	783    739    735











2016-11-21 00:05                                                        Página 1


0      1      2	     3	    4	   5	  6	 7	8      9      10
55474  34316  25493  27916  27700  27787  27538	 27844	26051  25781  27614
30549  21834  19470  19503  20036  19411  19412	 19920	19382  19377  19423
18963  14174  13261  13271  13304  13246  13242	 13354	13264  13249  13275
11011  8508   8171   8156   8167   8156	  8189	 8162	8163   8166   8164
642    482    470    466    469	   461	  504	 472	467    463    481






model name	: Intel(R) Core(TM) i5-3210M CPU @ 2.50GHz
cache size	: 3072 KB


